PI = 2.97605
PI = 3.28374
